$ANSIBLE_VAULT;1.1;AES256
38323862343337303238313939356630393933623062303233386636633961653235343366396163
6130353962323061346462646665306533336436373336370a643632666339323039363666383435
30313938623530316238386336366238656333663961353131643062376166353337666336373037
6531613732346337370a363737643537343466343966353035373933346139663463633966303936
33653265613265343430633163343662656332666630623963393233373165346632356536663938
37356332643761393965346165333065386561646361303336613439363865663163336232326463
66313530633631326165313462333732333039326238356262393235383261636565303665366335
66366666393637303737373433353432373364643864346665393638613834316337363461323165
32643764346666363234666139323266396533653437646465356335663538373063313334356330
34643930373732316234623237353666343936613064653032303030303936363033663230363464
62373433663333643937376136643762356536383262633330353264653065343766303739623436
38343562353865376235356536656366326137646366376534323430336631626563616639636161
33366361656464316334353332333234616530646437386132393936646633326531343233666638
39386463356232316265363836353731646239653065626232633835623633643062373733666164
37666233356562646534306335336465343061656662356336633163333535313466323132363030
66643134333638636435356665613234353363666532626531623231363562323330656131303462
64323639383262633830653439393730366463633563666464656139323963373164326236383663
34303137646439636366656363616134393736396632613639306436343233616338313333626133
39363964613963653037333262333562663633613835393335323539666366396266613031333562
31313834383433333136626434623865646266316237316566353737313333656463386461353330
66356530326563393931633631663265313962616235316263646233626564316238313761643662
39393464336361626633616335373530353735666339346466343761326162326430363165623665
33333638616664636664636131363164616465356132333466313864313236386235666336323136
38353361333965326236316239336664613337303137653462326633373061306366306130373538
63623132666265343863386331346438363936373139346265333636613530353336613535336336
61383766636664313936346463313534643033666231356262303761663430653762633532353034
36373737333633623162633537396163363630653133313563366434656437656262323563663363
34643935646436356561
